#        H#          RA             Dec            K       H        TobinRV     dRV      Mass(daRio12)     OurRV      dOurRv(9Mar2016)   
1      	224	05 35 10.74	-05 23 44.7      7.89    8.12 	     -1000     -1000         1.185         -1000           -1000     
2      	404	05 35 11.63	-05 22 51.7    	11.944	12.223	     -1000     -1000         0.119         -1000           -1000
3      	238	05 35 11.72	-05 23 40.5    	11.358	11.703	     -1000     -1000         0.113         -1000           -1000
4      	215	05 35 12.28	-05 23 48.1    	 9.720	10.027	      27.9      0.4          1.040         -1000           -1000
5      	228	05 35 12.60	-05 23 44.2    	 8.648   9.229	      25.2      1.3          1.782         -1000           -1000
6      	487	05 35 13.18	-05 22 21.2    	10.336	11.382	     -1000     -1000         0.421         -1000           -1000
7      	471	05 35 13.37	-05 22 26.2    	11.550	12.270	     -1000     -1000         0.290         -1000           -1000
8      	240	05 35 13.45	-05 23 40.4    	 9.469	10.497	     -1000     -1000         -1000         -1000           -1000
9      	495	05 35 13.52	-05 22 19.6    	10.321	10.927	     -1000     -1000         0.670         -1000           -1000
10     	360	05 35 13.53	-05 23 04.5    	12.336	12.799	     -1000     -1000         -1000         -1000           -1000
11     	266	05 35 13.53	-05 23 30.9    	11.221	11.536	     -1000     -1000         -1000         -1000           -1000
12     	132	05 35 13.61	-05 24 25.8    	11.278	11.561	     -1000     -1000         0.790         -1000           -1000
13     	483	05 35 13.75	-05 22 22.0    	 9.587	10.328	     -1000     -1000         0.738         -1000           -1000
14     	703	05 35 13.80	-05 22 07.1    	 9.325   9.856	     -1000     -1000         0.664         -1000           -1000
15     	247	05 35 14.05	-05 23 38.5    	 9.732   9.930	     -1000     -1000         0.485         -1000           -1000
16     	438	05 35 14.09	-05 22 36.6    	 9.837	10.243	     -1000     -1000         0.485         -1000           -1000
17     	135	05 35 14.28	-05 24 24.7    	 9.131   9.543	       0         0           -1000         -1000           -1000
18     	345	05 35 14.32	-05 23 08.3    	10.392	11.311	     -1000     -1000         -1000         -1000           -1000
19     	258	05 35 14.40	-05 23 33.7    	 9.386	 9.858	       0         0           0.850         -1000           -1000
20     	530	05 35 14.53	-05 22 06.6    	11.895	12.233	     -1000     -1000         0.290         -1000           -1000
21     	443	05 35 14.66	-05 22 33.8    	 9.195	 9.536	     -1000     -1000         1.270         -1000           -1000
22     	369	05 35 14.67	-05 23 01.9    	11.116	11.487	     -1000     -1000         0.431         -1000           -1000
23     	302	05 35 14.72	-05 23 22.9    	10.541	11.422	     -1000     -1000         -1000         -1000           -1000
24     	220	05 35 14.82	-05 23 46.5    	11.514	11.864	     -1000     -1000         -1000         -1000           -1000
25     	324	05 35 14.84	-05 23 16.0    	11.899	12.060	     -1000     -1000         -1000          30.8             0.2
26     	453	05 35 14.87	-05 22 31.7    	11.100	11.583	     -1000     -1000         0.500         -1000           -1000
27     	157	05 35 14.90	-05 24 11.8     10.971	11.408	     -1000     -1000         0.083         -1000           -1000
28     	431	05 35 14.92	-05 22 39.1    	 8.66    9.273	     -1000     -1000         0.697         -1000           -1000
29     	154	05 35 14.93	-05 24 12.9     11.068	11.174	     -1000     -1000         0.313         -1000           -1000
30     	275	05 35 14.93	-05 23 29.1    	10.191	10.863	     -1000     -1000         0.329         -1000           -1000
31     	245	05 35 14.95	-05 23 39.3    	 9.517   9.818	     -1000     -1000         -1000         -1000           -1000
32     	546	05 35 15.00	-05 22 00.0    	 9.841	10.027	     -1000     -1000         0.743         -1000           -1000
33     	456	05 35 15.04	-05 22 31.2    	11.969	12.448	     -1000     -1000         0.058         -1000           -1000
34     	219	05 35 15.16	-05 23 46.7    	10.918	11.490	     -1000     -1000         -1000          25.20           0.51 
35     	398	05 35 15.20	-05 22 54.4    	 8.62    9.365	     -1000     -1000         0.810         -1000           -1000
36     	478	05 35 15.21	-05 22 24.1    	10.340	10.797	     -1000     -1000         1.106         -1000           -1000
37     	386	05 35 15.27	-05 22 56.7    	 9.189	 9.504	     -1000     -1000         1.398         -1000           -1000
38     	504	05 35 15.35	-05 22 15.6    	 8.509 	 9.208	      22.8      3.5          0.712         -1000           -1000 
39     	476	05 35 15.35	-05 22 25.2     10.053	11.038	     -1000     -1000         0.343         -1000           -1000
40     	261	05 35 15.38	-05 23 33.4    	11.137	11.424	     -1000     -1000         -1000          26.67           0.62   
41     	223	05 35 15.44	-05 23 45.5    	 9.880	10.463	     -1000     -1000         -1000          27.49           0.12 
42     	413	05 35 15.49	-05 22 48.6    	 9.831	10.204	     -1000     -1000         0.660         -1000           -1000
43     	172	05 35 15.62	-05 24 03.1    	 9.793	10.111        22.1      35.6         1.067  	   -1000           -1000
44     	389	05 35 15.64	-05 22 56.4    	 7.898 	 8.452	     -1000     -1000         2.237         -1000           -1000
45     	248	05 35 15.76	-05 23 38.4    	11.168	12.802	     -1000     -1000         -1000          30.12           0.89 
46     	344	05 35 15.77	-05 23 09.9    	 6.90 	 7.15        -1000     -1000         6.000	    1               1
47     	137	05 35 15.79	-05 24 24.7    	11.559	12.207	     -1000     -1000         -1000         -1000           -1000
48     	287	05 35 15.80	-05 23 26.6    	 9.817	10.847	     -1000     -1000         -1000         -1000           -1000
49     	420	05 35 15.84	-05 22 45.9    	10.678	10.804	     -1000     -1000         0.429         -1000           -1000
50     	306	05 35 15.84	-05 23 22.5    	 8.37    9.711	     -1000     -1000         1.253          30.04           0.57
51     	291	05 35 15.84	-05 23 25.6    	10.395	11.064	     -1000     -1000         -1000          20.33           0.44
52     	370	05 35 15.88	-05 23 02.0    	 9.831	10.320	     -1000     -1000         -1000         -1000           -1000
53     	250	05 35 15.90	-05 23 38.0    	12.144	12.803	     -1000     -1000         -1000          30.10           0.72
54     	145	05 35 15.91	-05 24 17.9    	12.932	13.724	     -1000     -1000         -1000         -1000           -1000
55     	490	05 35 15.95	-05 22 21.1    	 9.851	10.949	     -1000     -1000         1.061         -1000           -1000
56     	213	05 35 15.95	-05 23 49.9    	 7.13 	 7.75	     -1000     -1000         2.313	   -1000           -1000
57     	202	05 35 16.00	-05 23 53.0    	 9.002   9.807	     -1000     -1000         1.467         -1000           -1000
58     	296	05 35 16.07	-05 23 24.3    	12.818	14.713	     -1000     -1000         -1000         -1000           -1000
59     	159	05 35 16.10	-05 24 11.5    	11.375	11.731	     -1000     -1000         -1000         -1000           -1000
60     	354	05 35 16.11	-05 23 06.8    	 6.43 	 6.55	     -1000     -1000         -1000	    1              1           
61     	435	05 35 16.20	-05 22 37.5    	11.046	11.646	     -1000     -1000         -1000         -1000           -1000
62     	322	05 35 16.29	-05 23 16.6    	 9.435	 9.982	     -1000     -1000         -1000          25.47           0.56
63     	522	05 35 16.29	-05 22 10.4    	10.430	11.716	     -1000     -1000         0.442         -1000           -1000 
64     	479	05 35 16.31	-05 22 24.0    	12.004	13.282	     -1000     -1000         -1000         -1000           -1000 
65     	412	05 35 16.34	-05 22 49.1    	10.473	10.964	     -1000     -1000         -1000         -1000           -1000
66     	171	05 35 16.38	-05 24 03.4    	 8.61    9.159	     -1000     -1000         -1000         -1000           -1000
67     	442	05 35 16.50	-05 22 35.2    	10.638	11.182	     -1000     -1000         -1000          1            1
68     	165	05 35 16.58	-05 24 06.1    	10.646	11.042	     -1000     -1000         -1000         -1000           -1000
69     	457	05 35 16.74	-05 22 31.3    	11.528	12.080	     -1000     -1000         0.284         -1000           -1000
70     	170	05 35 16.77	-05 24 04.3    	 8.5 	 9.311	      23.7     1.0           1.400         -1000           -1000
71     	484	05 35 16.90	-05 22 22.5    	 9.515	 9.884	     -1000     -1000         1.033         -1000           -1000
72     	375	05 35 16.98	-05 23 01.0    	 9.342	 9.756	     -1000     -1000         1.023          1              1
73     	252	05 35 16.98	-05 23 37.1    	 9.314	10.238	     -1000     -1000         0.604         -1000           -1000
74     	450	05 35 17.01	-05 22 33.1    	 9.674	 9.994	     -1000     -1000         1.325         -1000           -1000
75     	244	05 35 17.06	-05 23 39.8    	10.151	10.711	     -1000     -1000         -1000          28.65           0.46 
76     	259	05 35 17.07	-05 23 34.0    	 7.811 	 8.438	     -1000     -1000         1.753	    30.13           0.48
77     	410	05 35 17.12	-05 22 50.1    	11.181	11.200	     -1000     -1000         0.399          1                1           
78     	138	05 35 17.27	-05 24 24.2    	12.748	12.857	     -1000     -1000         -1000         -1000           -1000
79     	239	05 35 17.33	-05 23 41.4    	12.145	12.949	     -1000     -1000         -1000         -1000           -1000
80     	440	05 35 17.36	-05 22 35.8    	 8.521 	 9.552        23.2     2.5           -1000 	   -1000           -1000
81     	313	05 35 17.47	-05 23 21.1    	 9.687	10.459	     -1000     -1000         -1000          1              1
82     	388	05 35 17.56	-05 22 56.8    	 9.096	 9.598        27.2     2.0	     1.335         -1000           -1000
83     	295	05 35 17.57	-05 23 24.9    	10.501	11.787	     -1000     -1000         -1000          1              1
84     	332	05 35 17.82	-05 23 15.6    	 9.870	10.169	     -1000     -1000         1.004          1              1
85     	425	05 35 17.95	-05 22 45.5    	 7.58 	 7.89	     -1000     -1000         0.848 	    1               1 
86     	177	05 35 18.08	-05 24 01.2    	10.326	11.001	     -1000     -1000         0.200         -1000           -1000
87     	253	05 35 18.21	-05 23 35.9    	 7.924   8.738	     25.9     1.7           -1000  	   -1000           -1000
88     	331	05 35 18.25	-05 23 15.7    	10.563	11.536	     -1000     -1000         -1000          1              1
89     	436	05 35 18.38	-05 22 37.5    	 8.55 	 8.80	     -1000     -1000         2.150 	    1              1
90     	163	05 35 18.48	-05 24 07.0    	10.478	10.967	     -1000     -1000         0.423         -1000           -1000
91     	337	05 35 18.67	-05 23 14.0    	 7.635 	 9.201	     -1000     -1000         -1000 	    1              1
92     	713	05 35 18.71	-05 22 56.9    	 8.704 	 9.627	     -1000     -1000         0.940          1              1
93     	282	05 35 18.88	-05 23 28.9    	10.944	11.565	     -1000     -1000         0.374         -1000           -1000
94     	214	05 35 19.07	-05 23 49.6    	10.085	11.118	     -1000     -1000         0.949         -1000           -1000
95     	288	05 35 19.12	-05 23 27.1    	10.622	11.064          0        0	     0.934         -1000           -1000
96     	408	05 35 19.22	-05 22 50.7    	10.521	10.860	     -1000     -1000         0.991          1              1
97     	188	05 35 19.62	-05 23 57.3    	11.594	11.797	     -1000     -1000         0.441         -1000           -1000
98     	277	05 35 20.46	-05 23 29.7    	 9.125	 9.848	     -1000     -1000         1.009         -1000           -1000
99     	217	05 35 21.05	-05 23 49.0    	 8.46 	 8.79	     -1000     -1000         1.850         -1000           -1000            
100    	229	05 35 21.37	-05 23 45.4    	10.278	10.904	      27.9      1.7          0.988         -1000           -1000
101    	204	05 35 21.81	-05 23 53.9    	 9.372	 9.783	      23.2      3.1          0.942         -1000           -1000
102    	197	05 35 21.89	-05 23 55.5    	10.989	11.482	     -1000     -1000         -1000         -1000           -1000
